(theory
 (("bottomup_mergesortCorrectness" "1750924118" "958716")
  ("container" "1750907240" "926759"))
 (core-data
  (tables
   (string-table "min" "fun" "bool" "list" "!" "/\\" "=" "num" "==>" "bag"
    "BAG_UNION" "COND" "CONS" "EVERY" "FLAT" "IN" "container" "LIST_TO_BAG"
    "LIST_TO_SET" "MAP" "NIL" "sorting" "SORTED" "\\/"
    "bottomup_mergesortCorrectness" "bottom_up_mergeadjacent"
    "bottom_up_mergeall" "bottom_up_mergeauxillary" "bottom_up_mergesort"
    "relation" "total" "transitive" "~"
    "SORTED_BOTTOM_UP_MERGEAUXILLARY_lemma"
    "SORTED_BOTTOM_UP_MERGEADJACENT_lemma"
    "MSET_BOTTOM_UP_MERGEAUXILLARY_lemma" "MSET_BOTTOM_UP_MERGEALL_lemma"
    "MSET_BOTTOM_UP_MERGEADJACENT_lemma"
    "MEM_BOTTOM_UP_MERGEAUXILLARY_lemma"
    "CORRECTNESS_SORTED_BOTTOM_UP_MERGESORT_thm"
    "CORRECTNESS_MSET_BOTTOM_UP_MERGESORT_thm" "BOTTOM_UP_MERGESORT_def"
    "BOTTOM_UP_MERGEAUXILLARY_ind" "BOTTOM_UP_MERGEAUXILLARY_def"
    "BOTTOM_UP_MERGEALL_ind" "BOTTOM_UP_MERGEALL_def"
    "BOTTOM_UP_MERGEALL_MAP_lemma" "BOTTOM_UP_MERGEADJACENT_ind"
    "BOTTOM_UP_MERGEADJACENT_def" "arithmetic" "combin" "numeral" "pair"
    "prim_rec" "sat" "" "home" "etranger" "GitScripts" "Dev"
    "Sorting-in-HOL4" "bottomup_mergesortCorrectnessScript.sml" "cv"
    "pred_set")
   (id-table (0 . 1) (0 . 2) (3 . 3) (2 . 4) (2 . 5) (0 . 6) (7 . 7)
    (0 . 8) (9 . 10) (2 . 11) (3 . 12) (3 . 13) (3 . 14) (2 . 15) (16 . 17)
    (3 . 18) (3 . 19) (3 . 20) (21 . 22) (2 . 23) (24 . 25) (24 . 26)
    (24 . 27) (24 . 28) (29 . 30) (29 . 31) (2 . 32))
   (type-table (1) "'a" (2 1) (0 2 0) (0 2 3) (0 1 0) (0 1 5) (0 6 4) (2 2)
    (0 8 0) (0 6 9) (0 5 0) (0 6 0) (0 12 0) (0 7 0) (0 14 0) (0 10 0)
    (0 16 0) (0 3 0) (0 9 0) (0 0 0) (0 0 20) (6) (0 1 22) (0 23 0)
    (0 23 24) (0 8 9) (0 23 23) (0 23 27) (0 2 2) (0 2 29) (0 0 30)
    (0 1 29) (0 8 8) (0 2 33) (0 3 9) (0 8 2) (0 1 11) (0 2 23) (0 2 5)
    (0 2 8) (0 1 2) (0 41 40) (0 6 3) (0 6 33) (0 6 36) (0 6 30) (0 6 29))
   (term-table ("P" 7) ("P" 10) ("R" 6) ("l1" 2) ("l2" 2) ("lst" 8) ("v" 6)
    ("v1" 2) ("v1" 8) ("v2" 2) ("v4" 1) ("v5" 2) ("v6" 2) ("v7" 8) ("x" 1)
    ("xs" 2) ("xss" 8) ("y" 1) ("ys" 2) (3 11) (3 13) (3 15) (3 17) (3 18)
    (3 19) (4 21) (5 21) (5 25) (5 4) (5 26) (7 21) (8 28) (9 31) (10 32)
    (10 34) (11 35) (12 36) (13 37) (14 38) (15 39) (16 42) (17 2) (17 8)
    (18 43) (19 21) (20 44) (21 45) (22 46) (23 47) (24 12) (25 12)
    (26 20))) exports (nil) (nil)
  ((33
    (((24 14) (49 26 29 30 31 110)
      (2 2 15 25 26 27 29 35 50 51 52 54 56 58 63 64 75 84 99 105 106 125
       130) (24 0 1 2 13) (50 21) (3 6 7 155) (51 3 5 7) (52 7 8 9 22 65)
      (53 43) (29 0 6 131 133 140 145) (54 1 3 5 6 7 11 12 13 14 15 17 18)
      (21 35 38)) "DISK_THM") (2 0 1 60 55 56 57 58 59 60 61)
    ("%2%15%18$2U50$2U49B25$2$2$1B47$0@B43$2$1B43$2$0B43B25B26B30|U23|U23|U20"))
   (34
    (((24 15) (49 1 2 3 4 5 7 8 28 29 30 31 54 68 93 115 214)
      (2 15 25 26 27 31 35 47 50 52 54 56 58 63 64 104 105 125)
      (24 4 5 6 14) (50 21)
      (62 31 32 35 36 37 42 53 55 57 59 61 63 65 66 67 68 69 76 81 82)
      (3 6 7 32) (51 3 5) (52 7 9 22 65) (53 43) (29 131 133 140 145))
     "DISK_THM") (2 0 1 93 55 56 57 58 59 60 61)
    ("%2%16$1U50$1U49B25$1U43$1$0B45B35$1U43$0B35B26B30|U24|U20"))
   (35
    (((24 18) (49 26 29 30 31 110) (9 31 35 36 42)
      (2 15 25 26 27 29 35 50 52 54 55 56 58 63 64 105 125 130) (24 0 1 2)
      (50 21) (16 11) (3 6 7) (51 3 5 7) (52 7 8 9 22 65) (53 43)
      (29 131 133 140 145) (54 1 3 5 6 7 11 14 17 18 19 20 23)) "DISK_THM")
    (2 0 1 127 55 56 57 58 59 60 61)
    ("%2%3%4$2$1B47$0@U38$1U38$0U38B31B27|U23|U23|U20"))
   (36
    (((24 20)
      (49 1 2 3 4 5 7 8 20 28 29 30 31 45 49 54 68 93 115 214 221 230)
      (9 40) (2 14 15 25 27 31 35 52 54 56 58 63 64 96 101 104 105 125)
      (24 4 5 6 8 9 10 18 19) (50 5 21) (16 11 21)
      (62 31 32 35 36 37 42 53 55 57 59 61 63 65 66 67 68 69 76 81 82)
      (3 6 7 24 25 59 61 71 72) (51 0 3 5 7) (52 5 7 9 22 65) (53 43 44 45)
      (29 118 131 133 140 145) (54 1 3 5 6 7 11 15)) "DISK_THM")
    (2 0 1 163 55 56 57 58 59 60 61)
    ("%2%16$1$0B46U38$0U36U38B27|U24|U20"))
   (37
    (((24 19) (49 1 2 3 4 5 7 8 28 29 30 31 54 68 93 115 214)
      (2 15 25 31 35 52 54 55 56 58 63 64 104) (24 4 5 6 18) (50 21)
      (16 11 21)
      (62 31 32 35 36 37 42 53 55 57 59 61 63 65 66 67 68 69 76 81 82)
      (3 6 7 24 71 72) (51 3 5) (52 7 9 22 65) (53 43) (29 131 133 140 145)
      (54 1 3 5 6 7 11 14 17 18 19 20 23)) "DISK_THM")
    (2 0 1 145 55 56 57 58 59 60 61)
    ("%2%16$1$0B45U36U38$0U36U38B27|U24|U20"))
   (38
    (((24 13) (49 26 29 30 31 110)
      (2 15 25 26 27 29 35 50 51 52 54 55 56 58 63 64 105 125 130)
      (24 0 1 2) (50 21) (3 6 7 28 155) (51 3 5 7) (52 7 8 9 22 65)
      (63 121) (53 43) (29 131 133 140 145)
      (54 1 3 5 6 7 11 12 13 14 15 17 18 19 20 23)) "DISK_THM")
    (2 0 1 52 55 56 57 58 59 60 61)
    ("%2%15%18%14$2$1B47$0@U39B37%14$1U39B37%14$0U39B37B44B26|U23|U23|U20"))
   (39
    (((24 17) (2 25 50 51 52 58 63 105 125) (24 12 16) (3 92 93) (21 35))
     "DISK_THM") (2 0 1 119 55 56 57 58 59 60 61)
    ("%2%15$1U49$1U50B25$1$1$0B48B43B30|U23|U20"))
   (40
    (((24 21) (9 35) (2 14 25 35 56) (24 12 20) (16 11) (3 23 24 26 59))
     "DISK_THM") (2 0 1 179 55 56 57 58 59 60 61)
    ("%2%15$1$0B48U38$0U38B27|U23|U20"))
   (41 (((24 12))) (1 0 1 45 55 56 57 58 59 60 61)
    ("%2%15$1$0B48$1%14$0%41B33|$0B40B46B28|U23|U20"))
   (42
    (((24 2) (49 26 29 30 31 110)
      (2 25 26 35 46 47 50 52 54 58 63 72 76 77 78 80 105 125) (3 7 61)
      (51 3 5 7) (52 5 7 8 9 22) (53 43) (29 118 131 133)
      (54 1 3 5 6 7 11 12 13 14 15)) "DISK_THM")
    (2 0 1 7 55 56 57 58 59 60 61)
    ("%0%2%15$1$0b2%41@|U23|U20%2%10%11$2%41b3$1$0B33@|U23|U19|U20%2%14%15%17%18$3$1b4U51$4$3$2B33b5$0@B30$3$1b4$4$2b5$1$0B33@B30B25$4$3$2B33b5$1$0B33@B30|U23|U19|U23|U19|U20B25B25%6%7%9$2$1b3$0@|U23|U23|U20B30|U21"))
   (43
    (((24 3) (49 26 29 30 31 110) (2 15 25 35 50 52 54 58 63 105 125 130)
      (24 0 1) (50 21) (3 6 7) (51 3 5 7) (52 7 8 9 22 65) (53 43)
      (29 131 133 140 145)) "DISK_THM") (2 0 1 7 55 56 57 58 59 60 61)
    ("%15%2$0$1B47%41@$1B28|U20|U23%11%10%2$0%41B47$1$2B33@$1$2B33B28|U20|U19|U23%18%17%15%14%2$0$1$2B33B47$3$4B33@$1$3b0$1$0$2B47$3$4B33@B33B32$3$0$1$2B33B47$4@B33@B28|U20|U19|U23|U19|U23B25B25"))
   (44
    (((24 10)
      (49 1 2 3 4 5 7 8 20 28 29 30 31 45 49 54 68 93 115 214 221 230)
      (2 14 15 25 27 31 35 52 54 56 58 63 64 96 101 104 105 125)
      (24 4 5 6 8 9) (50 5 21)
      (62 31 32 35 36 37 42 53 55 57 59 61 63 65 66 67 68 69 76 81 82)
      (3 6 7 25 59 61) (51 0 3 5 7) (52 5 7 9 22 65) (53 43 44 45)
      (29 118 131 133 140 145) (54 1 3 5 6 7 11 15)) "DISK_THM")
    (2 0 1 25 55 56 57 58 59 60 61)
    ("%1%2$0%42b1|U20%2%15$1$0%42B34b2|U23|U20%2%9%12%13$3$3$2$1$0B34B34B45b4$3$2$1$0B34B34b4B30|U24|U23|U23|U20B25B25%6%8$1$0b2|U24|U20B30|U22"))
   (45
    (((24 11)
      (49 1 2 3 4 5 7 8 20 28 29 30 31 45 49 54 68 93 115 214 221 230)
      (2 14 15 25 27 31 35 52 54 56 58 63 64 96 101 104 105 125)
      (24 4 5 6 8 9) (50 5 21)
      (62 31 32 35 36 37 42 53 55 57 59 61 63 65 66 67 68 69 76 81 82)
      (3 6 7 25 59 61) (51 0 3 5 7) (52 5 7 9 22 65) (53 43 44 45)
      (29 118 131 133 140 145) (54 1 3 5 6 7 11 15)) "DISK_THM")
    (2 0 1 25 55 56 57 58 59 60 61)
    ("%2$0%42B46%41B28|U20%15%2$0$1%42B34B46$1B28|U20|U23%13%12%9%2$0$1$2$3B34B34B46$0$0$1$2$3B34B34B45B46B28|U20|U23|U23|U24B25B25"))
   (46
    (((24 16)
      (49 1 2 3 4 5 7 8 20 28 29 30 31 45 49 54 68 93 115 214 221 230)
      (2 14 15 25 27 31 35 50 52 54 56 58 63 64 96 101 104 105 125)
      (24 4 5 6 8 9 10 15) (50 5 21)
      (62 31 32 35 36 37 42 53 55 57 59 61 63 65 66 67 68 69 76 81 82)
      (3 6 7 25 32 59 61) (51 0 3 5 7) (52 5 7 9 22 65) (53 43 44 45)
      (29 118 131 133 140 145) (54 1 3 5 6 7 11 15) (21 35)) "DISK_THM")
    (2 0 1 106 55 56 57 58 59 60 61)
    ("%2%16$1U50$1U49B25$1$1$0B46B43$1U43$0B35B26B30|U24|U20"))
   (47
    (((24 6) (49 1 2 3 4 5 7 8 28 29 30 31 54 68 93 115 214)
      (2 25 27 31 35 52 54 58 63 64 104)
      (62 31 32 35 36 37 42 53 55 57 59 61 63 65 66 67 68 69 76 81 82)
      (3 7 61) (51 3 5) (52 5 7 9 22) (53 43) (29 118 131 133)
      (54 1 3 5 6 7 11 15)) "DISK_THM") (2 0 1 16 55 56 57 58 59 60 61)
    ("%1%2$0%42b1|U20%2%15$1$0%42B34b2|U23|U20%2%15%18%5$3$0b4$3$2$1$0B34B34b4B30|U24|U23|U23|U20B25B25%6%8$1$0b2|U24|U20B30|U22"))
   (48
    (((24 7) (49 1 2 3 4 5 7 8 28 29 30 31 54 68 93 115 214)
      (2 15 25 31 35 54 58 63 64 104) (24 4 5) (50 21)
      (62 31 32 35 36 37 42 53 55 57 59 61 63 65 66 67 68 69 76 81 82)
      (3 6 7) (51 3 5) (52 7 9 22 65) (53 43) (29 131 133 140 145))
     "DISK_THM") (2 0 1 16 55 56 57 58 59 60 61)
    ("%2$0%42B45%42B29|U20%15%2$0$1%42B34B45$1%42B34B29|U20|U23%18%15%5%2$0$2$3$1B34B34B45$0$2B47$3@$0$1B45B34B29|U20|U24|U23|U23B25B25"))))
 (incorporate (incorporate-types) incorporate-consts
  ("bottom_up_mergesort" . 47) ("bottom_up_mergeauxillary" . 46)
  ("bottom_up_mergeall" . 45) ("bottom_up_mergeadjacent" . 44))
 (loadable-thydata
  ("userdef.deltas" (tag-knm 24 . 43) (tag-knm 24 . 48) (tag-knm 24 . 45)
   (tag-knm 24 . 41) (tag-knm 24 . 41))
  ("grammardelta" (OO "bottom_up_mergeauxillary" (tag-tm . "%47"))
   (OO "bottom_up_mergeadjacent" (tag-tm . "%45"))
   (OO "bottom_up_mergeall" (tag-tm . "%46"))
   (OO "bottom_up_mergesort" (tag-tm . "%48")))
  ("compute" (tag-knm 24 . 43) (tag-knm 24 . 48) (tag-knm 24 . 45)
   (tag-knm 24 . 41))
  ("DefnBase.indn.deltas"
   ((tag-th
     ("bottomup_mergesortCorrectness" 22
      (("arithmetic" 26 29 30 31 110)
       ("bool" 25 26 35 46 47 50 52 54 58 63 72 76 77 78 80 105 125)
       ("list" 7 61) ("numeral" 3 5 7) ("pair" 5 7 8 9 22) ("prim_rec" 43)
       ("relation" 118 131 133) ("sat" 1 3 5 6 7 11 12 13 14 15))
      ("DISK_THM"))
     "%0%2%15$1$0b2%41@|U23|U20%2%10%11$2%41b3$1$0B33@|U23|U19|U20%2%14%15%17%18$3$1b4U51$4$3$2B33b5$0@B30$3$1b4$4$2b5$1$0B33@B30B25$4$3$2B33b5$1$0B33@B30|U23|U19|U23|U19|U20B25B25%6%7%9$2$1b3$0@|U23|U23|U20B30|U21")
    (tag-tm . "%47"))
   ((tag-th
     ("bottomup_mergesortCorrectness" 23
      (("arithmetic" 1 2 3 4 5 7 8 28 29 30 31 54 68 93 115 214)
       ("bool" 25 27 31 35 52 54 58 63 64 104)
       ("cv" 31 32 35 36 37 42 53 55 57 59 61 63 65 66 67 68 69 76 81 82)
       ("list" 7 61) ("numeral" 3 5) ("pair" 5 7 9 22) ("prim_rec" 43)
       ("relation" 118 131 133) ("sat" 1 3 5 6 7 11 15)) ("DISK_THM"))
     "%1%2$0%42b1|U20%2%15$1$0%42B34b2|U23|U20%2%15%18%5$3$0b4$3$2$1$0B34B34b4B30|U24|U23|U23|U20B25B25%6%8$1$0b2|U24|U20B30|U22")
    (tag-tm . "%45"))
   ((tag-th
     ("bottomup_mergesortCorrectness" 24
      (("arithmetic" 1 2 3 4 5 7 8 20 28 29 30 31 45 49 54 68 93 115 214
        221 230)
       ("bool" 14 15 25 27 31 35 52 54 56 58 63 64 96 101 104 105 125)
       ("bottomup_mergesortCorrectness" 4 5 6 8 9) ("combin" 5 21)
       ("cv" 31 32 35 36 37 42 53 55 57 59 61 63 65 66 67 68 69 76 81 82)
       ("list" 6 7 25 59 61) ("numeral" 0 3 5 7) ("pair" 5 7 9 22 65)
       ("prim_rec" 43 44 45) ("relation" 118 131 133 140 145)
       ("sat" 1 3 5 6 7 11 15)) ("DISK_THM"))
     "%1%2$0%42b1|U20%2%15$1$0%42B34b2|U23|U20%2%9%12%13$3$3$2$1$0B34B34B45b4$3$2$1$0B34B34b4B30|U24|U23|U23|U20B25B25%6%8$1$0b2|U24|U20B30|U22")
    (tag-tm . "%46")))))
