(theory
 (("chaptertwo" "1748507757" "451344")
  ("indexedLists" "1741687858" "670890")
  ("patternMatches" "1741687878" "388063"))
 (core-data
  (tables
   (string-table "list" "min" "fun" "bool" "sum" "pair" "prod" "num" "!"
    "," "/\\" "0" "prim_rec" "<" "arithmetic" "<=" "=" "==>" ">" ">=" "@"
    "APPEND" "BIT1" "BIT2" "COND" "CONS" "DIV" "DROP" "FILTER" "combin" "I"
    "IN" "INL" "INR" "LENGTH" "LIST_TO_SET" "MAP" "NIL" "NUMERAL" "SUC"
    "TAKE" "relation" "WF" "WFREC" "ZERO" "\\/" "chaptertwo" "asc" "desc"
    "insertaux" "insertionsort" "list_CASE" "mergeadj" "mergeall"
    "mergeaux" "mergesort" "naturalaux_def_UNION" "naturalmerge" "o"
    "pair_CASE" "quicksort" "runs" "sum_CASE" "~" "quicksort_ind"
    "quicksort_def" "naturalmerge_def" "naturalaux_ind"
    "naturalaux_def_UNION_primitive" "naturalaux_def_UNION_extract2"
    "naturalaux_def_UNION_extract1" "naturalaux_def_UNION_extract0"
    "naturalaux_def" "mergesort_ind" "mergesort_def'" "mergeaux_ind"
    "mergeaux_def" "mergeall_ind" "mergeall_def" "mergeadj_ind"
    "mergeadj_def" "insertionsort_def" "insertaux_def" "MEM_insertionsort'"
    "MEM_insertionsort" "MEM_insertaux" "LEQ_TWO_DIV_LEQ_ZERO"
    "LENGTH_mergeaux" "LENGTH_insertionsort" "LENGTH_insertaux"
    "LENGTH_DIV_TWO_LT" "cv" "rich_list" "sat" "" "home" "etranger"
    "GitScripts" "Dev" "Sorting-in-HOL4" "chaptertwoScript.sml" "numeral"
    "pred_set" "mergesort_def")
   (id-table (0 . 0) (1 . 2) (1 . 3) (4 . 4) (5 . 6) (7 . 7) (3 . 8)
    (5 . 9) (3 . 10) (7 . 11) (12 . 13) (14 . 15) (1 . 16) (1 . 17)
    (14 . 18) (14 . 19) (1 . 20) (0 . 21) (14 . 22) (14 . 23) (3 . 24)
    (0 . 25) (14 . 26) (0 . 27) (0 . 28) (29 . 30) (3 . 31) (4 . 32)
    (4 . 33) (0 . 34) (0 . 35) (0 . 36) (0 . 37) (14 . 38) (7 . 39)
    (0 . 40) (41 . 42) (41 . 43) (14 . 44) (3 . 45) (46 . 47) (46 . 48)
    (46 . 49) (46 . 50) (0 . 51) (46 . 52) (46 . 53) (46 . 54) (46 . 55)
    (46 . 56) (46 . 57) (29 . 58) (5 . 59) (46 . 60) (46 . 61) (4 . 62)
    (3 . 63))
   (type-table "'a" (0 0) (2) (1 1 2) (1 0 2) (1 0 4) (1 5 3) (1 1 3)
    (1 5 7) (0 1) (1 9 2) (1 5 10) (1 1 1) (1 12 3) (1 0 13) (1 5 14)
    (1 0 7) (1 5 16) (4 1 1) (4 0 18) (4 5 19) (4 5 1) (3 21 20) (4 12 1)
    (4 0 23) (4 5 24) (3 25 22) (1 26 2) (1 26 27) (5) (1 26 9) (1 4 2)
    (1 5 2) (1 32 2) (1 15 2) (1 34 2) (1 17 2) (1 36 2) (1 6 2) (1 38 2)
    (1 8 2) (1 40 2) (1 11 2) (1 42 2) (1 12 2) (1 44 2) (1 3 2) (1 10 2)
    (1 29 2) (1 48 2) (1 23 24) (1 0 50) (1 18 19) (1 0 52) (1 1 21)
    (1 5 54) (1 24 25) (1 5 56) (1 19 20) (1 5 58) (1 1 23) (1 12 60)
    (1 1 18) (1 1 62) (1 2 2) (1 2 64) (1 29 48) (1 30 2) (1 30 67)
    (1 9 10) (1 28 2) (1 70 28) (1 1 12) (1 29 29) (1 2 72) (1 9 9)
    (1 9 75) (1 2 76) (1 0 12) (1 1 75) (1 29 73) (1 29 12) (1 4 12)
    (1 0 31) (1 21 22) (1 25 26) (1 20 22) (1 22 26) (1 1 29) (1 9 29)
    (1 1 4) (1 1 9) (1 0 1) (1 92 91) (1 30 30) (1 94 30) (1 28 95)
    (1 12 91) (1 0 97) (1 5 98) (1 1 91) (1 0 100) (1 5 101) (1 5 78)
    (1 5 12) (1 0 91) (1 105 9) (1 9 106) (1 1 107) (1 5 75) (1 9 1)
    (1 5 110) (1 5 72) (1 12 12) (1 12 113) (1 23 9) (1 0 115) (1 116 9)
    (1 24 117) (1 18 9) (1 0 119) (1 120 9) (1 19 121) (1 5 91) (1 123 9)
    (1 21 124) (1 24 9) (1 5 126) (1 127 9) (1 25 128) (1 19 9) (1 5 130)
    (1 131 9) (1 20 132) (1 97 9) (1 23 134) (1 100 9) (1 18 136) (1 20 9)
    (1 138 9) (1 21 9) (1 140 139) (1 22 141) (1 22 9) (1 143 9) (1 25 9)
    (1 145 144) (1 26 146) (1 0 3) (1 5 148) (1 149 2) (1 150 2))
   (term-table ("L" 1) ("P" 6) ("P" 8) ("P" 11) ("P0" 15) ("P1" 6)
    ("P2" 17) ("R" 5) ("R'" 5) ("R'" 28) ("R''" 5) ("a" 0) ("a'" 26)
    ("a''" 0) ("as" 12) ("as" 1) ("as'" 1) ("b" 0) ("b'" 0) ("b''" 0)
    ("bs" 1) ("bs'" 1) ("h" 0) ("l" 1) ("l" 9) ("n" 29)
    ("naturalaux_def_UNION" 30) ("v" 5) ("v" 25) ("v0" 5) ("v1" 0) ("v1" 1)
    ("v1" 9) ("v1" 22) ("v10" 21) ("v11" 20) ("v13" 1) ("v15" 1) ("v19" 19)
    ("v2" 12) ("v2" 1) ("v21" 18) ("v23" 1) ("v3" 1) ("v3" 24) ("v4" 0)
    ("v5" 1) ("v5" 23) ("v6" 1) ("v7" 1) ("v7" 9) ("x" 0) ("x" 5) ("x" 1)
    ("x0" 0) ("x0" 1) ("x1" 12) ("x1" 1) ("x2" 1) ("xs" 1) ("y" 0) ("y" 1)
    ("ys" 1) ("zs" 9) (6 31) (6 33) (6 35) (6 37) (6 39) (6 41) (6 43)
    (6 45) (6 46) (6 47) (6 49) (7 51) (7 53) (7 55) (7 57) (7 59) (7 61)
    (7 63) (8 65) (9 29) (10 66) (11 66) (12 65) (12 68) (12 7) (12 69)
    (12 66) (13 65) (14 66) (15 66) (16 71) (17 72) (18 73) (19 73) (20 74)
    (20 77) (21 78) (21 79) (22 80) (23 81) (24 82) (25 75) (26 83) (27 84)
    (27 85) (28 86) (28 87) (29 88) (29 89) (30 90) (31 93) (32 1) (32 9)
    (33 73) (34 73) (35 81) (36 70) (37 96) (38 29) (39 65) (40 99)
    (41 102) (42 103) (43 104) (44 108) (45 109) (46 111) (47 112) (48 104)
    (49 30) (50 104) (51 114) (52 118) (52 122) (52 125) (52 129) (52 133)
    (52 135) (52 137) (53 104) (54 123) (55 142) (55 147) (56 64) ("P" 149)
    ("t" 1) (6 151))) exports (nil) (nil)
  ((64
    (((46 9) (14 1 2 3 4 5 7 8 28 29 54 68 93 115 214 221)
      (3 15 25 27 31 35 52 54 58 63 64 96 101 104 105) (46 7 8) (29 21)
      (91 31 32 35 36 37 42 53 55 57 59 61 63 65 66 67 68 69 76)
      (0 6 25 61) (5 5 9 17 53) (12 44 45) (41 118 131 140 145) (92 57)
      (93 1 3 5 6 7 11 15)) "DISK_THM") (2 0 1 112 94 95 96 97 98 99 100)
    ("%1%7$0%115b1|U65%7%51%59$2%60$0$2b3U147|$0B104b3$2%60$0$2b3|$0B104b3B82$2$1$0B100b3B91|U72|U64|U65B82%27%31$1$0b2|U72|U65B91|U68"))
   (65
    (((46 10) (14 1 2 3 4 5 7 8 28 29 54 68 93 115 214 221)
      (3 15 25 27 31 35 52 54 58 63 64 96 101 104 105) (46 7 8) (29 21)
      (91 31 32 35 36 37 42 53 55 57 59 61 63 65 66 67 68 69 76)
      (0 6 25 61) (5 5 9 17 53) (12 44 45) (41 118 131 140 145) (92 57)
      (93 1 3 5 6 7 11 15)) "DISK_THM") (2 0 1 112 94 95 96 97 98 99 100)
    ("%7$0%115B143%115B88|U65%59%51%7$0$1$2B100B143$0%60$0$2b1|$2B104B143$1%115B100B95$0%60$0$2b1U147|$2B104B143B95B88|U65|U64|U72B82"))
   (66 (((46 37))) (1 0 1 260 94 95 96 97 98 99 100)
    ("%7%59$1$0B134$1$1$0B144B130B88|U72|U65"))
   (67
    (((46 35) (14 1 2 3 4 5 7 8 28 29 31 49 54 68 93 110 115 214 221)
      (3 15 25 26 31 35 46 47 50 51 52 54 58 63 64 72 76 77 78 80 93 96 104
       105 107 125 130) (46 31 32 33 34) (29 5 21)
      (91 31 32 35 36 37 42 53 55 57 59 61 63 65 66 67 68 69 76 81 82)
      (0 6 7 61) (101 3 7) (5 5 17 53) (12 44 45) (41 118 131 140 145)
      (93 1 3 5 6 7 11 12 13 14 15) (4 12 77)) "DISK_THM")
    (2 0 1 229 94 95 96 97 98 99 100)
    ("%4%5%6%7%11%14$2$1b5$0@%115@|U71|U64|U65%7%11%14%17%20$3$1b4U147U147$4$1$0B100b6B91$3$1b4U147$4$1b7$2$3U100B135@$0@B91B82$4$3b7$2@$1$0B100@B91|U72|U64|U71|U64|U65%7$0%115b2|U65%7%51$1$0%115B100b3|U64|U65%7%11%17%59$2$1b3U147$3$1b6$2U100@$0@B91$2$1b3$3$1b4$2%115B100@$0@B91B82$3$2$1$0B100B100b5B91|U72|U64|U64|U65%7%11%15$2$1b3$0@%115@|U72|U64|U65%7%11%15%17%20$3$1b4U147$4$1$0B100b6B91$3$1b4$4$1b5$3$2B100@$0@B91B82$4$3b5$2@$1$0B100@B91|U72|U64|U72|U64|U65B82B82B82B82B82B82%29%30%39%43$3$2b6$1@$0@|U72|U71|U64|U65%29%31$1$0b3|U72|U65%29%30%40%43$3$2b4$1@$0@|U72|U72|U64|U65B82B82B91|U67|U68|U66"))
   (68 (((46 31))) (1 0)
    ("%133%9$0U120%20%14%17%11%7$1$2b0U147$0$2$3$1U100B135$4B80B75B78U108$0$1$3$2$4B100B80B75B78U108b5B91|U65|U64|U64|U71|U72%14%20%17%11%7$1$2b0U147U147$0$2$3B100B77U107U110$0$1$4$2$3B100B80B75B78U108b5B91|U65|U64|U64|U72|U71%59%17%11%7$1$2b0$0$2$1%115B100$3B81B76B79U109U110$0$1$2$3B100B100B77U107U110b4B91|U65|U64|U64|U72%59%17%11%7$1$2b0U147$0$2$1U100$3B80B75B78U108$0$1$2$3B100B100B77U107U110b4B91|U65|U64|U64|U72%15%20%17%11%7$1$2b0U147$0$2$3B100B77U107U110$0$1$4$2$3B100B81B76B79U109U110b5B91|U65|U64|U64|U72|U72%20%15%17%11%7$1$2b0$0$2$1$3B100$4B81B76B79U109U110$0$1$3$2$4B100B81B76B79U109U110b5B91|U65|U64|U64|U72|U72B82B82B82B82B82B82|U94%26%12$0%28$0%7%44$0%11%47$0%14%49$0$3%115B100u1%116B101U105B128%17%20$5$1b7U147$7$1$3$5U100B135$0B80B75B78U108u10B99$5%115B100u3$7$1$0B100B77U107U110u10B101@U105||@||B141||B136||B139|B146%33$0%34$0%8%36$0%116U105B128%51%37$0$1%115B100%116B101U105B128%18%59$3$1b5$5$1$3%115B100$0B81B76B79U109U110u9B99$5$1$3U100$0B80B75B78U108u9@U105||@||@||B138|B145%35$0%10%38$0%13%41$0%16%42$0$3$1B100%116B101U105B128%19%21$5$1b7$7$1$5$3B100$0B81B76B79U109U110u11B99$5$3B100$7$1$0B100B77U107U110u11B101@U105||@||B142||B137||B140|@|@||B121B87"))
   (69 (((46 32))) (1 0)
    ("%52%54%57%58$3$2B125$1@$0@$3$2$1$0B81B76B79U109U110U133B89|U72|U72|U64|U65"))
   (70 (((46 33))) (1 0) ("%52%55$1$0B144$1$0B77U107U110U133B89|U72|U65"))
   (71 (((46 34))) (1 0)
    ("%52%54%56%58$3$2B124$1@$0@$3$2$1$0B80B75B78U108U133B89|U72|U71|U64|U65"))
   (72
    (((46 36) (14 1 2 3 4 5 7 8 28 29 31 49 54 68 93 110 115 214 221)
      (3 15 25 26 31 35 46 47 50 51 52 54 58 63 64 72 76 77 78 80 93 96 104
       105 107 125 130) (46 31 32 33 34) (29 5 21)
      (91 31 32 35 36 37 42 53 55 57 59 61 63 65 66 67 68 69 76 81 82)
      (0 6 7 61) (101 3 7) (5 5 17 53) (12 44 45) (41 118 131 140 145)
      (93 1 3 5 6 7 11 12 13 14 15) (4 12 77)) "DISK_THM")
    (2 0 1 229 94 95 96 97 98 99 100)
    ("%14%11%7$0$1B124$2@%115@$1%115B100u2%116B101B89|U65|U64|U71%20%17%14%11%7$0$1B124$2@$3$4B100@$1$3b0U147$0$3B124$2$1U100B135@$4@B99$1%115B100u2$0$3$4B100B144B101@B89|U65|U64|U71|U64|U72%7$0%115B144%116B89|U65%51%7$0$1%115B100B144$1%115B100%116B101B89|U65|U64%59%17%11%7$0$1$2$3B100B100B144$1$2b0$0$2B125$1%115B100@$3@B99$0$2B124$1U100@$3@2B89|U65|U64|U64|U72%15%11%7$0$1B125$2@%115@$1$2B100%116B101B89|U65|U64|U72%20%17%15%11%7$0$1B125$2@$3$4B100@$1$3b0$0$3B125$1$2B100@$4@B99$1$2B100$0$3$4B100B144B101@B89|U65|U64|U72|U64|U72B82B82B82B82B82B82"))
   (73
    (((46 19)
      (14 1 2 3 4 5 7 8 11 28 29 31 49 54 68 93 115 180 213 214 217 221 242
       285)
      (3 15 25 26 27 31 35 42 50 51 52 54 58 63 64 93 96 101 104 105 107
       124 125 130 147) (46 11 17 18) (29 21)
      (91 31 32 35 36 37 42 53 55 57 59 61 63 65 66 67 68 69 76 81 82)
      (0 244 264) (5 5 9 17 53) (12 44 45) (41 118 131 140 145)
      (93 1 3 5 6 7 11 12 13 15)) "DISK_THM")
    (2 0 1 160 94 95 96 97 98 99 100)
    ("%1%7%59%25$0$1U111B90$0%122U96U117B85U147B82$2$0%122U97U117B102$1B103b3B91|U74%25$0$1U111B90$0%122U96U117B85U147B82$2$0%122U97U117B102$1B119b3B91|U74B82$1$0b2B91|U72|U65%27%31$1$0b2|U72|U65B91|U68"))
   (74 (((46 30))) (1 0 1 221 94 95 96 97 98 99 100)
    ("%7%59$1$0B132$1%51$0%115B100|$0B114B130B88|U72|U65"))
   (75
    (((46 15) (14 1 2 3 4 5 7 8 26 28 29 49 54 68 93 110 115 214 221)
      (3 25 27 31 35 50 51 52 54 58 63 64 93 96 104 105 107 125)
      (91 31 32 35 36 37 42 53 55 57 59 61 63 65 66 67 68 69 76 81 82)
      (0 7 61) (101 3 7) (5 5 7 8 9 17) (12 43) (41 118 131 133)
      (93 1 3 5 6 7 11 12 13 15)) "DISK_THM")
    (2 0 1 150 94 95 96 97 98 99 100)
    ("%2%7%62$1%115b2$0@|U72|U65%7%45%46$2$1$0B100b3%115@|U72|U64|U65%7%51%59%60%62$3$1b4U147$4$3$2B100b5$0@B91$3$1b4$4$2b5$1$0B100@B91B82$4$3$2B100b5$1$0B100@B91|U72|U64|U72|U64|U65B82B82%27%31%40$2$1b3$0@|U72|U72|U65B91|U69"))
   (76
    (((46 16) (14 1 2 3 4 5 7 8 26 28 29 49 54 68 93 110 115 214 221)
      (3 15 25 31 35 50 51 52 54 58 63 64 93 96 104 105 107 125 130)
      (46 13 14) (29 21)
      (91 31 32 35 36 37 42 53 55 57 59 61 63 65 66 67 68 69 76 81 82)
      (0 6 7) (101 3 7) (5 7 8 9 17 53) (12 43) (41 131 133 140 145)
      (93 1 3 5 6 7 11 12 13 15)) "DISK_THM")
    (2 0 1 150 94 95 96 97 98 99 100)
    ("%62%7$0%115B131$1@$1B88|U65|U72%46%45%7$0$1$2B100B131%115@$1$2B100B88|U65|U64|U72%62%60%59%51%7$0$1$2B100B131$3$4B100@$1$3b0$1$0$2B131$3$4B100@B100B98$3$0$1$2B100B131$4@B100@B88|U65|U64|U72|U64|U72B82B82"))
   (77
    (((46 28) (14 1 2 3 4 5 7 8 28 29 30 31 45 54 68 93 115 214)
      (3 15 25 27 31 35 52 54 58 63 64 104 105) (46 21 22 25 26 27)
      (29 5 21)
      (91 31 32 35 36 37 42 53 55 57 59 61 63 65 66 67 68 69 76 81 82)
      (0 6 7 25 61) (101 3 5) (5 5 7 9 17 53) (12 43 44 45)
      (41 118 131 133 140 145) (93 1 3 5 6 7 11 15 17 18)) "DISK_THM")
    (2 0 1 209 94 95 96 97 98 99 100)
    ("%3%7$0%116b1|U65%7%59$1$0%116B101b2|U72|U65%7%40%48%50$3$3$2$1$0B101B101B129b4$3$2$1$0B101B101b4B91|U73|U72|U72|U65B82B82%27%32$1$0b2|U73|U65B91|U70"))
   (78
    (((46 29) (14 1 2 3 4 5 7 8 28 29 30 31 45 54 68 93 115 214)
      (3 15 25 27 31 35 52 54 58 63 64 104 105) (46 21 22 25 26 27)
      (29 5 21)
      (91 31 32 35 36 37 42 53 55 57 59 61 63 65 66 67 68 69 76 81 82)
      (0 6 7 25 61) (101 3 5) (5 5 7 9 17 53) (12 43 44 45)
      (41 118 131 133 140 145) (93 1 3 5 6 7 11 15 17 18)) "DISK_THM")
    (2 0 1 209 94 95 96 97 98 99 100)
    ("%7$0%116B130%115B88|U65%59%7$0$1%116B101B130$1B88|U65|U72%50%48%40%7$0$1$2$3B101B101B130$0$0$1$2$3B101B101B129B130B88|U65|U72|U72|U73B82B82"))
   (79
    (((46 23) (14 1 2 3 4 5 7 8 28 29 30 31 54 68 93 115 214)
      (3 25 27 31 35 52 54 58 63 64 104)
      (91 31 32 35 36 37 42 53 55 57 59 61 63 65 66 67 68 69 76 81 82)
      (0 7 61) (101 3 5) (5 5 7 9 17) (12 43) (41 118 131 133)
      (93 1 3 5 6 7 11 15)) "DISK_THM") (2 0 1 195 94 95 96 97 98 99 100)
    ("%3%7$0%116b1|U65%7%59$1$0%116B101b2|U72|U65%7%53%61%63$3$0b4$3$2$1$0B101B101b4B91|U73|U72|U72|U65B82B82%27%32$1$0b2|U73|U65B91|U70"))
   (80
    (((46 24) (14 1 2 3 4 5 7 8 28 29 30 31 54 68 93 115 214)
      (3 15 25 31 35 54 58 63 64 104) (46 21 22) (29 21)
      (91 31 32 35 36 37 42 53 55 57 59 61 63 65 66 67 68 69 76 81 82)
      (0 6 7) (101 3 5) (5 7 9 17 53) (12 43) (41 131 133 140 145))
     "DISK_THM") (2 0 1 195 94 95 96 97 98 99 100)
    ("%7$0%116B129%116B89|U65%59%7$0$1%116B101B129$1%116B101B89|U65|U72%63%61%53%7$0$1$2$3B101B101B129$0$1B131$2@$0$3B129B101B89|U65|U72|U72|U73B82B82"))
   (81 (((46 1) (0 681)) "DISK_THM") (1 0 1 21 94 95 96 97 98 99 100)
    ("%7$0%115B127%115B88|U65%7%51%59$2$1$0B100B127$2$1B126$2$0B127@B88|U72|U64|U65B82"))
   (82 (((46 0) (0 681)) "DISK_THM") (1 0 1 12 94 95 96 97 98 99 100)
    ("%7%51$1$0B126%115@$0%115B100B88|U64|U65%7%51%60%62$3$2B126$1$0B100@$2$1b3$2$1$0B100B100B98$1$3$2B126$0@B100@B88|U72|U64|U64|U65B82"))
   (83 (((46 4) (3 14 25 35 51 56) (46 1 2) (0 59 153)) "DISK_THM")
    (2 0 1 45 94 95 96 97 98 99 100)
    ("%7%0%51$0$2$1B127U113B106$0$1U113B106B86|U64|U72|U65"))
   (84
    (((46 3) (3 14 25 26 27 35 51 54 56 63) (46 1 2) (0 28 59 153)
      (102 18)) "DISK_THM") (2 0 1 37 94 95 96 97 98 99 100)
    ("%7%0%51$0$2$1B127U113B106$0$1U113B106B86|U64|U72|U65"))
   (85
    (((46 2) (3 14 25 26 27 29 51 52 54 55 56 58 63 105 130 149) (46 0)
      (0 28 59 153) (102 18 121)
      (93 1 3 5 6 7 11 12 13 14 15 17 18 19 20 23)) "DISK_THM")
    (2 0 1 26 94 95 96 97 98 99 100)
    ("%51%7%22B126%23@U113B106%51%22%115B100U113B106%51%23U113B106B123B86"))
   (86
    (((46 11) (14 1 2 3 4 5 7 8 11 54 68 91 93 115 180 214 217 221 300)
      (3 25 31 35 42 51 52 54 58 63 64 96 101 104 105 107 125)
      (91 31 32 35 36 37 42 53 55 57 59 61 63 65 66 67 68 69 76 81 82)
      (101 3 7) (93 1 3 5 6 7 11 12 13 15)) "DISK_THM")
    (2 0 1 133 94 95 96 97 98 99 100)
    ("%25$0%122U97U117B93$0%122U97U117B102%83B92B91|U74"))
   (87
    (((46 25)
      (14 1 2 3 4 5 7 8 20 28 29 30 31 45 49 54 68 93 115 214 221 230)
      (3 15 25 31 35 52 54 56 58 63 64 96 101 104 105 125) (46 21 22 23)
      (29 21)
      (91 31 32 35 36 37 42 53 55 57 59 61 63 65 66 67 68 69 76 81 82)
      (0 6 7 25) (101 0 3 5 7) (5 7 9 17 53) (12 43) (41 131 133 140 145))
     "DISK_THM") (2 0 1 201 94 95 96 97 98 99 100)
    ("%7%24$1$0B129U112$0U112U118B84|U73|U65"))
   (88 (((46 6) (3 14) (46 1 5) (0 25 59)) "DISK_THM")
    (2 0 1 91 94 95 96 97 98 99 100) ("%7%23B127U111%23U111B90"))
   (89 (((46 5) (3 13 14 149) (46 0) (0 25 59)) "DISK_THM")
    (2 0 1 66 94 95 96 97 98 99 100) ("%7%22B126%23@U111%23U111U118B90"))
   (90
    (((46 12) (14 1 2 3 4 5 7 8 54 68 93 115 180 285)
      (3 25 31 35 50 54 63 64 96 101 104 105)
      (91 31 32 35 36 37 42 53 55 57 59 61 63 65 66 67 68 69 76) (101 3 7))
     "DISK_THM") (2 0 1 142 94 95 96 97 98 99 100)
    ("%23U111%122U97U117B93%23U111%122U97U117B102%23U111B84B91"))))
 (incorporate (incorporate-types) incorporate-consts ("runs" . 123)
  ("quicksort" . 104) ("naturalmerge" . 104) ("naturalaux_def_UNION" . 30)
  ("mergesort" . 104) ("mergeaux" . 112) ("mergeall" . 111)
  ("mergeadj" . 109) ("insertionsort" . 104) ("insertaux" . 103)
  ("desc" . 102) ("asc" . 99))
 (loadable-thydata
  ("userdef.deltas" (tag-knm 46 . 82) (tag-knm 46 . 82) (tag-knm 46 . 81)
   (tag-knm 46 . 81) (tag-knm 46 . 65) (tag-knm 46 . 76) (tag-knm 46 . 103)
   (tag-knm 46 . 80) (tag-knm 46 . 78) (tag-knm 46 . 74) (tag-knm 46 . 74)
   (tag-knm 46 . 68) (tag-knm 46 . 69) (tag-knm 46 . 70) (tag-knm 46 . 71)
   (tag-knm 46 . 72) (tag-knm 46 . 66) (tag-knm 46 . 66))
  ("grammardelta" (OO "insertaux" (tag-tm . "%126"))
   (OO "insertionsort" (tag-tm . "%127"))
   (OO "quicksort" (tag-tm . "%143")) (OO "mergeaux" (tag-tm . "%131"))
   (OO "mergeadj" (tag-tm . "%129")) (OO "mergeall" (tag-tm . "%130"))
   (OO "mergesort" (tag-tm . "%132"))
   (OO "naturalaux_def_UNION" (tag-tm . "%133"))
   (OO "desc" (tag-tm . "%125")) (OO "runs" (tag-tm . "%144"))
   (OO "asc" (tag-tm . "%124")) (OO "naturalmerge" (tag-tm . "%134")))
  ("compute" (tag-knm 46 . 82) (tag-knm 46 . 81) (tag-knm 46 . 65)
   (tag-knm 46 . 76) (tag-knm 46 . 80) (tag-knm 46 . 78) (tag-knm 46 . 74)
   (tag-knm 46 . 72) (tag-knm 46 . 66))
  ("DefnBase.indn.deltas"
   ((tag-th ("chaptertwo" 38 (("bool" 26) ("list" 59)) ("DISK_THM"))
     "%148%7%51$1$0b2%115@|U64|U65%149%22%7%51%7%51$1$0b6$5@|U64|U65$1$0b4$2$3B100@B91|U64|U65|U64|U72B82%7%51%23$2$1b3$0@|U72|U64|U65B91|U150")
    (tag-tm . "%126"))
   ((tag-th ("chaptertwo" 39 (("bool" 26) ("list" 59)) ("DISK_THM"))
     "%1%7$0%115b1|U65%149%22%7%7$0$3b4|U65$0$1$2B100b3B91|U65|U64|U72B82%7%23$1$0b2|U72|U65B91|U68")
    (tag-tm . "%127"))
   ((tag-th
     ("chaptertwo" 40
      (("arithmetic" 1 2 3 4 5 7 8 28 29 54 68 93 115 214 221)
       ("bool" 15 25 27 31 35 52 54 58 63 64 96 101 104 105)
       ("chaptertwo" 7 8) ("combin" 21)
       ("cv" 31 32 35 36 37 42 53 55 57 59 61 63 65 66 67 68 69 76)
       ("list" 6 25 61) ("pair" 5 9 17 53) ("prim_rec" 44 45)
       ("relation" 118 131 140 145) ("rich_list" 57)
       ("sat" 1 3 5 6 7 11 15)) ("DISK_THM"))
     "%1%7$0%115b1|U65%7%51%59$2%60$0$2b3U147|$0B104b3$2%60$0$2b3|$0B104b3B82$2$1$0B100b3B91|U72|U64|U65B82%27%31$1$0b2|U72|U65B91|U68")
    (tag-tm . "%143"))
   ((tag-th
     ("chaptertwo" 41
      (("arithmetic" 1 2 3 4 5 7 8 26 28 29 49 54 68 93 110 115 214 221)
       ("bool" 25 27 31 35 50 51 52 54 58 63 64 93 96 104 105 107 125)
       ("cv" 31 32 35 36 37 42 53 55 57 59 61 63 65 66 67 68 69 76 81 82)
       ("list" 7 61) ("numeral" 3 7) ("pair" 5 7 8 9 17) ("prim_rec" 43)
       ("relation" 118 131 133) ("sat" 1 3 5 6 7 11 12 13 15))
      ("DISK_THM"))
     "%2%7%62$1%115b2$0@|U72|U65%7%45%46$2$1$0B100b3%115@|U72|U64|U65%7%51%59%60%62$3$1b4U147$4$3$2B100b5$0@B91$3$1b4$4$2b5$1$0B100@B91B82$4$3$2B100b5$1$0B100@B91|U72|U64|U72|U64|U65B82B82%27%31%40$2$1b3$0@|U72|U72|U65B91|U69")
    (tag-tm . "%131"))
   ((tag-th
     ("chaptertwo" 42
      (("arithmetic" 1 2 3 4 5 7 8 28 29 30 31 54 68 93 115 214)
       ("bool" 25 27 31 35 52 54 58 63 64 104)
       ("cv" 31 32 35 36 37 42 53 55 57 59 61 63 65 66 67 68 69 76 81 82)
       ("list" 7 61) ("numeral" 3 5) ("pair" 5 7 9 17) ("prim_rec" 43)
       ("relation" 118 131 133) ("sat" 1 3 5 6 7 11 15)) ("DISK_THM"))
     "%3%7$0%116b1|U65%7%59$1$0%116B101b2|U72|U65%7%53%61%63$3$0b4$3$2$1$0B101B101b4B91|U73|U72|U72|U65B82B82%27%32$1$0b2|U73|U65B91|U70")
    (tag-tm . "%129"))
   ((tag-th
     ("chaptertwo" 43
      (("arithmetic" 1 2 3 4 5 7 8 28 29 30 31 45 54 68 93 115 214)
       ("bool" 15 25 27 31 35 52 54 58 63 64 104 105)
       ("chaptertwo" 21 22 25 26 27) ("combin" 5 21)
       ("cv" 31 32 35 36 37 42 53 55 57 59 61 63 65 66 67 68 69 76 81 82)
       ("list" 6 7 25 61) ("numeral" 3 5) ("pair" 5 7 9 17 53)
       ("prim_rec" 43 44 45) ("relation" 118 131 133 140 145)
       ("sat" 1 3 5 6 7 11 15 17 18)) ("DISK_THM"))
     "%3%7$0%116b1|U65%7%59$1$0%116B101b2|U72|U65%7%40%48%50$3$3$2$1$0B101B101B129b4$3$2$1$0B101B101b4B91|U73|U72|U72|U65B82B82%27%32$1$0b2|U73|U65B91|U70")
    (tag-tm . "%130"))
   ((tag-th
     ("chaptertwo" 44
      (("arithmetic" 1 2 3 4 5 7 8 28 29 31 49 54 68 93 110 115 214 221)
       ("bool" 15 25 26 31 35 46 47 50 51 52 54 58 63 64 72 76 77 78 80 93
        96 104 105 107 125 130) ("chaptertwo" 31 32 33 34) ("combin" 5 21)
       ("cv" 31 32 35 36 37 42 53 55 57 59 61 63 65 66 67 68 69 76 81 82)
       ("list" 6 7 61) ("numeral" 3 7) ("pair" 5 17 53) ("prim_rec" 44 45)
       ("relation" 118 131 140 145) ("sat" 1 3 5 6 7 11 12 13 14 15)
       ("sum" 12 77)) ("DISK_THM"))
     "%4%5%6%7%11%14$2$1b5$0@%115@|U71|U64|U65%7%11%14%17%20$3$1b4U147U147$4$1$0B100b6B91$3$1b4U147$4$1b7$2$3U100B135@$0@B91B82$4$3b7$2@$1$0B100@B91|U72|U64|U71|U64|U65%7$0%115b2|U65%7%51$1$0%115B100b3|U64|U65%7%11%17%59$2$1b3U147$3$1b6$2U100@$0@B91$2$1b3$3$1b4$2%115B100@$0@B91B82$3$2$1$0B100B100b5B91|U72|U64|U64|U65%7%11%15$2$1b3$0@%115@|U72|U64|U65%7%11%15%17%20$3$1b4U147$4$1$0B100b6B91$3$1b4$4$1b5$3$2B100@$0@B91B82$4$3b5$2@$1$0B100@B91|U72|U64|U72|U64|U65B82B82B82B82B82B82%29%30%39%43$3$2b6$1@$0@|U72|U71|U64|U65%29%31$1$0b3|U72|U65%29%30%40%43$3$2b4$1@$0@|U72|U72|U64|U65B82B82B91|U67|U68|U66")
    (tag-tm . "%124") (tag-tm . "%144") (tag-tm . "%125")))))
