(theory
 (("natural_mergesortCorrectness" "1750830016" "593724")
  ("container" "1749106690" "414220"))
 (core-data
  (tables
   (string-table "min" "fun" "list" "sum" "pair" "prod" "bool" "!" ","
    "/\\" "=" "num" "==>" "@" "APPEND" "bag" "BAG_UNION" "COND" "CONS"
    "EVERY" "FLAT" "combin" "I" "IN" "INL" "INR" "container" "LIST_TO_BAG"
    "LIST_TO_SET" "natural_mergesortCorrectness"
    "NATURAL_MERGE_ASC_RUNS_DESC_def_UNION" "NIL" "sorting" "SORTED"
    "relation" "WF" "WFREC" "\\/" "asc" "desc" "list_CASE"
    "natural_mergeadjacent" "natural_mergeall" "natural_mergeauxillary"
    "natural_mergesort" "pair_CASE" "runs" "sum_CASE" "total" "transitive"
    "~" "SORTED_NATURAL_MERGEAUXILLARY_lemma"
    "SORTED_NATURAL_MERGEALL_lemma" "SORTED_NATURAL_MERGEADJACENT_lemma"
    "NATURAL_MERGE_ASC_RUNS_DESC_ind"
    "NATURAL_MERGE_ASC_RUNS_DESC_def_UNION_primitive"
    "NATURAL_MERGE_ASC_RUNS_DESC_def_UNION_extract2"
    "NATURAL_MERGE_ASC_RUNS_DESC_def_UNION_extract1"
    "NATURAL_MERGE_ASC_RUNS_DESC_def_UNION_extract0"
    "NATURAL_MERGE_ASC_RUNS_DESC_def" "NATURAL_MERGESORT_def"
    "NATURAL_MERGEAUXILLARY_ind" "NATURAL_MERGEAUXILLARY_def"
    "NATURAL_MERGEALL_ind" "NATURAL_MERGEALL_def"
    "NATURAL_MERGEADJACENT_ind" "NATURAL_MERGEADJACENT_def"
    "MSET_FLAT_ASC_RUNS_DESC_lemma" "MEM_NATURAL_MERGEAUXILLARY_lemma"
    "FLAT_NATURAL_MERGEAUXILLARY_lemma" "FLAT_NATURAL_MERGEALL_lemma"
    "FLAT_NATURAL_MERGEADJACENT_lemma" "EVERY_SORTED_ASC_RUNS_DESC_lemma"
    "CORRECTNESS_SORTED_NATURAL_MERGESORT"
    "CORRECTNESS_MSET_NATURAL_MERGESORT" "arithmetic" "numeral" "prim_rec"
    "sat" "" "home" "etranger" "GitScripts" "Dev" "Sorting-in-HOL4"
    "natural_mergesortCorrectnessScript.sml" "cv" "rich_list" "marker"
    "pred_set")
   (id-table (0 . 1) (2 . 2) (3 . 3) (4 . 5) (0 . 6) (6 . 7) (4 . 8)
    (6 . 9) (0 . 10) (11 . 11) (0 . 12) (0 . 13) (2 . 14) (15 . 16)
    (6 . 17) (2 . 18) (2 . 19) (2 . 20) (21 . 22) (6 . 23) (3 . 24)
    (3 . 25) (26 . 27) (2 . 28) (29 . 30) (2 . 31) (32 . 33) (34 . 35)
    (34 . 36) (6 . 37) (29 . 38) (29 . 39) (2 . 40) (29 . 41) (29 . 42)
    (29 . 43) (29 . 44) (4 . 45) (29 . 46) (3 . 47) (34 . 48) (34 . 49)
    (6 . 50))
   (type-table "'a" (1 0) (1 1) (3 1 1) (3 0 3) (4) (0 0 5) (0 0 6) (3 7 4)
    (3 7 1) (2 9 8) (2 8 10) (0 11 2) (0 1 5) (0 1 13) (0 7 14) (0 2 5)
    (0 7 16) (0 0 14) (0 7 18) (0 7 13) (0 11 5) (0 11 21) (0 6 5) (0 7 5)
    (0 24 5) (0 19 5) (0 26 5) (0 20 5) (0 28 5) (0 15 5) (0 30 5) (0 17 5)
    (0 32 5) (0 13 5) (0 16 5) (0 3 4) (0 0 36) (0 1 9) (0 7 38) (0 4 8)
    (0 7 40) (0 1 3) (0 1 42) (0 5 5) (0 5 44) (9) (0 0 46) (0 47 5)
    (0 47 48) (0 12 5) (0 12 50) (0 2 16) (0 22 5) (0 53 22) (0 1 1)
    (0 1 55) (0 47 47) (0 47 57) (0 5 56) (0 2 2) (0 2 60) (0 5 61)
    (0 0 55) (0 1 60) (0 13 16) (0 2 1) (0 0 23) (0 9 10) (0 8 11) (0 8 10)
    (0 10 11) (0 1 47) (0 1 6) (0 12 12) (0 74 12) (0 22 75) (0 1 2)
    (0 1 77) (0 0 78) (0 7 79) (0 0 77) (0 81 2) (0 2 82) (0 1 83) (0 7 60)
    (0 7 66) (0 7 56) (0 7 55) (0 3 2) (0 0 89) (0 90 2) (0 4 91) (0 7 77)
    (0 93 2) (0 9 94) (0 4 2) (0 7 96) (0 97 2) (0 8 98) (0 78 2) (0 3 100)
    (0 8 2) (0 102 2) (0 9 2) (0 104 103) (0 10 105) (0 10 2) (0 107 2)
    (0 102 108) (0 11 109))
   (term-table ("NATURAL_MERGE_ASC_RUNS_DESC_def_UNION" 12) ("P" 15)
    ("P" 17) ("P0" 19) ("P1" 20) ("P2" 19) ("R" 7) ("R'" 7) ("R'" 22)
    ("R''" 7) ("a" 0) ("a'" 11) ("a''" 0) ("a'''" 0) ("as" 1) ("as'" 1)
    ("b" 0) ("b'" 0) ("b''" 0) ("bs" 1) ("bs'" 1) ("v" 7) ("v" 8) ("v0" 7)
    ("v1" 0) ("v1" 1) ("v1" 2) ("v1" 10) ("v10" 9) ("v11" 8) ("v13" 1)
    ("v15" 1) ("v19" 4) ("v2" 1) ("v21" 3) ("v23" 1) ("v3" 1) ("v3" 4)
    ("v4" 0) ("v5" 1) ("v5" 3) ("v6" 1) ("v7" 1) ("v7" 2) ("x" 0) ("x" 7)
    ("x" 1) ("x0" 0) ("x0" 1) ("x1" 1) ("x2" 1) ("xs" 1) ("xss" 2) ("y" 0)
    ("y" 1) ("ys" 1) ("zs" 2) (5 23) (5 25) (5 27) (5 29) (5 31) (5 33)
    (5 34) (5 35) (6 37) (6 39) (6 41) (6 43) (7 45) (8 45) (8 49) (8 51)
    (8 14) (8 52) (10 45) (11 54) (12 56) (13 58) (14 59) (14 62) (15 63)
    (15 64) (16 65) (17 66) (18 60) (19 67) (20 68) (20 69) (21 70) (21 71)
    (22 72) (23 73) (24 12) (25 1) (25 2) (26 20) (27 53) (28 76) (29 45)
    (30 80) (31 80) (32 84) (33 85) (34 86) (35 87) (36 88) (37 92) (37 95)
    (37 99) (37 101) (38 93) (39 106) (39 110) (40 24) (41 24) (42 44)))
  exports (nil) (nil)
  ((51
    (((29 21) (75 26 29 30 31 110)
      (6 2 15 25 26 27 29 35 50 52 54 56 58 63 64 75 84 99 105 106 125 130)
      (21 21) (2 6 7 155) (29 0 1 2 20) (76 3 5 7) (4 7 8 9 22 65) (77 43)
      (34 0 6 131 133 140 145) (78 1 3 5 6 7 11 12 13 14 15 17 18)
      (32 35 38)) "DISK_THM") (2 0 1 126 79 80 81 82 83 84 85)
    ("%6%51%55$2U115$2U114B69$2$2$1B105$0@B96$2$1B96$2$0B96B69B70B75|U63|U63|U58"))
   (52
    (((29 23)
      (75 1 2 3 4 5 7 8 20 28 29 30 31 45 49 54 68 93 115 214 221 230)
      (6 14 15 25 27 31 35 50 52 54 56 58 63 64 96 101 104 105) (21 5 21)
      (86 31 32 35 36 37 42 53 55 57 59 61 63 65 66 67 68 69 76 81 82)
      (2 6 7 25 32 59 61) (29 4 5 6 8 9 10 22) (76 0 3 5 7) (4 5 7 9 22 65)
      (77 43 44 45) (34 118 131 133 140 145) (87 651) (78 1 3 5 6 7 11 15)
      (32 35)) "DISK_THM") (2 0 1 170 79 80 81 82 83 84 85)
    ("%6%52$1U115$1U114B69$1$1$0B104B96$1U96$0B83B70B75|U64|U58"))
   (53
    (((29 22) (75 1 2 3 4 5 7 8 28 29 30 31 54 68 93 115 214)
      (6 15 25 26 27 31 35 47 50 52 54 56 58 63 64 104 105 125) (21 21)
      (86 31 32 35 36 37 42 53 55 57 59 61 63 65 66 67 68 69 76 81 82)
      (2 6 7 32) (29 4 5 6 21) (76 3 5) (4 7 9 22 65) (77 43)
      (34 131 133 140 145)) "DISK_THM") (2 0 1 156 79 80 81 82 83 84 85)
    ("%6%52$1U115$1U114B69$1U96$1$0B103B83$1U96$0B83B70B75|U64|U58"))
   (54
    (((29 16) (75 1 2 3 4 5 7 8 20 28 29 31 49 54 68 93 110 115 214 221)
      (6 15 25 26 31 35 46 47 50 51 52 54 58 63 64 72 76 77 78 80 93 96 104
       105 107 125 130) (21 21)
      (86 31 32 35 36 37 42 53 55 57 59 61 63 65 66 67 68 69 76 81 82)
      (2 6 25 61) (29 12 13 14 15) (76 3 7) (4 5 22 65) (77 44 45)
      (34 118 131 140 145) (78 1 3 5 6 7 11 12 13 14 15) (3 12 77))
     "DISK_THM") (2 0 1 49 79 80 81 82 83 84 85)
    ("%3%4%5%6%10%14%16%19$3$1b4U116$4$1$0B81b6B75$3$1b4$4$1b7$2$3%94B81B77@$0@B75B69$4$3b7$2@$1$0B81@B75|U63|U57|U63|U57|U58%6%10%14$2$1b5$0@%94@|U63|U57|U58%6%10%16%51$2$1b3U116U116$3$1b6$2%94B81@$0@B75$2$1b3U116$3$1b4$2%94B81@$0@B75B69$3$2$1$0B81B81b5B75|U63|U57|U57|U58%6%44$1$0%94B81b3|U57|U58%6$0%94b2|U58%6%10%14%16%19$3$1b4U116U116$4$1$0B81b6B75$3$1b4U116$4$1b5$3$2B81@$0@B75B69$4$3b5$2@$1$0B81@B75|U63|U57|U63|U57|U58%6%10%14$2$1b3$0@%94@|U63|U57|U58B69B69B69B69B69B69%23%24%33%36$3$2b6$1@$0@|U63|U63|U57|U58%23%25$1$0b3|U63|U58%23%24%33%36$3$2b4$1@$0@|U63|U63|U57|U58B69B69B75|U59|U60|U59"))
   (55 (((29 12))) (1 0)
    ("%93%8$0U97%19%14%16%10%6$1$2b0$0$2$3$1%94B81B77$4B68B65B67U88$0$1$3$2$4B81B68B65B67U88b5B75|U58|U57|U57|U63|U63%14%19%16%10%6$1$2b0U116$0$2$3B81B66U87U90$0$1$4$2$3B81B68B65B67U88b5B75|U58|U57|U57|U63|U63%51%16%10%6$1$2b0U116$0$2$1%94B81$3B68B65B67U89U90$0$1$2$3B81B81B66U87U90b4B75|U58|U57|U57|U63%51%16%10%6$1$2b0U116U116$0$2$1%94B81$3B68B65B67U88$0$1$2$3B81B81B66U87U90b4B75|U58|U57|U57|U63%14%19%16%10%6$1$2b0U116U116$0$2$3B81B66U87U90$0$1$4$2$3B81B68B65B67U89U90b5B75|U58|U57|U57|U63|U63%19%14%16%10%6$1$2b0U116$0$2$1$3B81$4B68B65B67U89U90$0$1$3$2$4B81B68B65B67U89U90b5B75|U58|U57|U57|U63|U63B69B69B69B69B69B69|U76%0%11$0%22$0%6%37$0%10%40$0%14%42$0$1$3%94B81B77%95B82U85B102%16%19$5$1b7$7$1$3$5%94B81B77$0B68B65B67U88u10B80$3$5%94B81B77$7$1$0B81B66U87U90u10B82@U85||@||B110||B107||B109|B113%27$0%28$0%7%30$0%95U85B102%12%31$0$1%94B81%95B82U85B102%17%51$3$1b5U116$5$1$3%94B81$0B68B65B67U89U90u9B80$5$1$3%94B81$0B68B65B67U88u9@U85||@||@||B108|B112%29$0%9%32$0%13%34$0%15%35$0$3$1B81%95B82U85B102%18%20$5$1b7U116$7$1$5$3B81$0B68B65B67U89U90u11B80$5$3B81$7$1$0B81B66U87U90u11B82@U85||@||B110||B107||B109|@|@||B98B72"))
   (56 (((29 13))) (1 0)
    ("%45%47%49%50$3$2B101$1@$0@$3$2$1$0B68B65B67U89U90U93B74|U63|U63|U57|U58"))
   (57 (((29 14))) (1 0) ("%45%48$1$0B111$1$0B66U87U90U93B74|U63|U58"))
   (58 (((29 15))) (1 0)
    ("%45%47%49%50$3$2B100$1@$0@$3$2$1$0B68B65B67U88U93B74|U63|U63|U57|U58"))
   (59
    (((29 17) (75 1 2 3 4 5 7 8 20 28 29 31 49 54 68 93 110 115 214 221)
      (6 15 25 26 31 35 46 47 50 51 52 54 58 63 64 72 76 77 78 80 93 96 104
       105 107 125 130) (21 21)
      (86 31 32 35 36 37 42 53 55 57 59 61 63 65 66 67 68 69 76 81 82)
      (2 6 25 61) (29 12 13 14 15) (76 3 7) (4 5 22 65) (77 44 45)
      (34 118 131 140 145) (78 1 3 5 6 7 11 12 13 14 15) (3 12 77))
     "DISK_THM") (2 0 1 49 79 80 81 82 83 84 85)
    ("%19%16%14%10%6$0$1B100$2@$3$4B81@$1$3b0$0$3B100$2$1%94B81B77@$4@B80$2$1%94B81B77$0$3$4B81B111B82@B74|U58|U57|U63|U57|U63%14%10%6$0$1B100$2@%94@$2$1%94B81B77%95B82B74|U58|U57|U63%51%16%10%6$0$1$2$3B81B81B111$1$2b0U116$0$2B101$1%94B81@$3@B80$0$2B100$1%94B81@$3@2B74|U58|U57|U57|U63%44%6$0$1%94B81B111$1%94B81%95B82B74|U58|U57%6$0%94B111%95B74|U58%19%16%14%10%6$0$1B101$2@$3$4B81@$1$3b0U116$0$3B101$1$2B81@$4@B80$1$2B81$0$3$4B81B111B82@B74|U58|U57|U63|U57|U63%14%10%6$0$1B101$2@%94@$1$2B81%95B82B74|U58|U57|U63B69B69B69B69B69B69"))
   (60 (((29 18))) (1 0 1 74 79 80 81 82 83 84 85)
    ("%6%51$1$0B106$1$1$0B111B104B73|U63|U58"))
   (61
    (((29 2) (75 26 29 30 31 110) (6 25 27 35 50 52 54 58 63 105 125)
      (2 7 61) (76 3 5 7) (4 5 7 8 9 22) (77 43) (34 118 131 133)
      (78 1 3 5 6 7 11 15)) "DISK_THM") (2 0 1 7 79 80 81 82 83 84 85)
    ("%1%6%55$1%94b2$0@|U63|U58%6%38%39$2$1$0B81b3%94@|U63|U57|U58%6%44%51%53%55$3$1b4U116$4$3$2B81b5$0@B75$3$1b4$4$2b5$1$0B81@B75B69$4$3$2B81b5$1$0B81@B75|U63|U57|U63|U57|U58B69B69%21%25%33$2$1b3$0@|U63|U63|U58B75|U61"))
   (62
    (((29 3) (75 26 29 30 31 110) (6 15 25 35 50 52 54 58 63 105 125 130)
      (21 21) (2 6 7) (29 0 1) (76 3 5 7) (4 7 8 9 22 65) (77 43)
      (34 131 133 140 145)) "DISK_THM") (2 0 1 7 79 80 81 82 83 84 85)
    ("%55%6$0%94B105$1@$1B73|U58|U63%39%38%6$0$1$2B81B105%94@$1$2B81B73|U58|U57|U63%55%53%51%44%6$0$1$2B81B105$3$4B81@$1$3b0$1$0$2B105$3$4B81@B81B79$3$0$1$2B81B105$4@B81@B73|U58|U57|U63|U57|U63B69B69"))
   (63
    (((29 10)
      (75 1 2 3 4 5 7 8 20 28 29 30 31 45 49 54 68 93 115 214 221 230)
      (6 14 15 25 27 31 35 52 54 56 58 63 64 96 101 104 105) (21 5 21)
      (86 31 32 35 36 37 42 53 55 57 59 61 63 65 66 67 68 69 76 81 82)
      (2 6 7 25 59 61) (29 4 5 6 8 9) (76 0 3 5 7) (4 5 7 9 22 65)
      (77 43 44 45) (34 118 131 133 140 145) (87 651) (78 1 3 5 6 7 11 15))
     "DISK_THM") (2 0 1 23 79 80 81 82 83 84 85)
    ("%2%6$0%95b1|U58%6%51$1$0%95B82b2|U63|U58%6%33%41%43$3$3$2$1$0B82B82B103b4$3$2$1$0B82B82b4B75|U64|U63|U63|U58B69B69%21%26$1$0b2|U64|U58B75|U62"))
   (64
    (((29 11)
      (75 1 2 3 4 5 7 8 20 28 29 30 31 45 49 54 68 93 115 214 221 230)
      (6 14 15 25 27 31 35 52 54 56 58 63 64 96 101 104 105) (21 5 21)
      (86 31 32 35 36 37 42 53 55 57 59 61 63 65 66 67 68 69 76 81 82)
      (2 6 7 25 59 61) (29 4 5 6 8 9) (76 0 3 5 7) (4 5 7 9 22 65)
      (77 43 44 45) (34 118 131 133 140 145) (87 651) (78 1 3 5 6 7 11 15))
     "DISK_THM") (2 0 1 23 79 80 81 82 83 84 85)
    ("%6$0%95B104%94B73|U58%51%6$0$1%95B82B104$1B73|U58|U63%43%41%33%6$0$1$2$3B82B82B104$0$0$1$2$3B82B82B103B104B73|U58|U63|U63|U64B69B69"))
   (65
    (((29 6) (75 1 2 3 4 5 7 8 28 29 30 31 54 68 93 115 214)
      (6 25 27 31 35 52 54 58 63 64 104)
      (86 31 32 35 36 37 42 53 55 57 59 61 63 65 66 67 68 69 76 81 82)
      (2 7 61) (76 3 5) (4 5 7 9 22) (77 43) (34 118 131 133)
      (78 1 3 5 6 7 11 15)) "DISK_THM") (2 0 1 15 79 80 81 82 83 84 85)
    ("%2%6$0%95b1|U58%6%51$1$0%95B82b2|U63|U58%6%46%54%56$3$0b4$3$2$1$0B82B82b4B75|U64|U63|U63|U58B69B69%21%26$1$0b2|U64|U58B75|U62"))
   (66
    (((29 7) (75 1 2 3 4 5 7 8 28 29 30 31 54 68 93 115 214)
      (6 15 25 31 35 54 58 63 64 104) (21 21)
      (86 31 32 35 36 37 42 53 55 57 59 61 63 65 66 67 68 69 76 81 82)
      (2 6 7) (29 4 5) (76 3 5) (4 7 9 22 65) (77 43) (34 131 133 140 145))
     "DISK_THM") (2 0 1 15 79 80 81 82 83 84 85)
    ("%6$0%95B103%95B74|U58%51%6$0$1%95B82B103$1%95B82B74|U58|U63%56%54%46%6$0$1$2$3B82B82B103$0$1B105$2@$0$3B103B82B74|U58|U63|U63|U64B69B69"))
   (67
    (((29 25) (75 1 2 3 4 5 7 8 20 28 29 31 49 54 68 93 110 115 214 221)
      (15 34 35 36 39 40 41 63 199)
      (6 15 25 26 27 29 31 35 46 47 50 51 52 54 56 58 63 64 72 76 77 78 80
       93 96 104 105 107 125 130 174) (21 21) (26 11 21)
      (86 31 32 35 36 37 42 53 55 57 59 61 63 65 66 67 68 69 76 81 82)
      (2 6 23 24 25 61 71 72) (88 9) (29 12 13 14 15 16) (76 3 7)
      (4 5 22 65) (77 44 45) (34 118 131 140 145)
      (78 1 3 5 6 7 11 12 13 14 15) (3 12 77)) "DISK_THM")
    (2 0 1 215 79 80 81 82 83 84 85)
    ("%6%10%14%19$3$2B100$1@$0@U84U91$1$2%94B81B77$0B77U91B71|U63|U63|U57|U58%6%51$1$0B111U84U91$0U91B71|U63|U58%6%10%14%19$3$2B101$1@$0@U84U91$2$1B81$0B77U91B71|U63|U63|U57|U58B69B69"))
   (68
    (((29 20) (75 26 29 30 31 110)
      (6 15 25 26 27 29 35 50 51 52 54 55 56 58 63 64 105 125 130) (21 21)
      (2 6 7 28 155) (29 0 1 2) (76 3 5 7) (4 7 8 9 22 65) (89 121) (77 43)
      (34 131 133 140 145) (78 1 3 5 6 7 11 12 13 14 15 17 18 19 20 23))
     "DISK_THM") (2 0 1 113 79 80 81 82 83 84 85)
    ("%6%51%55%44$2$1B105$0@U92B86%44$1U92B86%44$0U92B86B99B70|U63|U63|U58"))
   (69
    (((29 26) (75 26 29 30 31 110) (15 31 35 36 42)
      (6 15 25 26 27 29 35 50 52 54 55 56 58 63 64 105 125 130) (21 21)
      (26 11) (2 6 7) (29 0 1 2) (76 3 5 7) (4 7 8 9 22 65) (77 43)
      (34 131 133 140 145) (78 1 3 5 6 7 11 14 17 18 19 20 23)) "DISK_THM")
    (2 0 1 255 79 80 81 82 83 84 85)
    ("%6%51%55$2$1B105$0@U91$1U91$0U91B78B71|U63|U63|U58"))
   (70
    (((29 28)
      (75 1 2 3 4 5 7 8 20 28 29 30 31 45 49 54 68 93 115 214 221 230)
      (6 14 15 25 27 31 35 52 54 56 58 63 64 96 101 104 105) (21 5 21)
      (26 11)
      (86 31 32 35 36 37 42 53 55 57 59 61 63 65 66 67 68 69 76 81 82)
      (2 6 7 24 25 59 61 71 72) (29 4 5 6 8 9 10 27) (76 0 3 5 7)
      (4 5 7 9 22 65) (77 43 44 45) (34 118 131 133 140 145) (87 651)
      (78 1 3 5 6 7 11 15)) "DISK_THM") (2 0 1 286 79 80 81 82 83 84 85)
    ("%6%52$1$0B104U91$0U84U91B71|U64|U58"))
   (71
    (((29 27) (75 1 2 3 4 5 7 8 28 29 30 31 54 68 93 115 214) (15 40)
      (6 15 25 31 35 52 54 56 58 63 64 104) (21 21) (26 11 21)
      (86 31 32 35 36 37 42 53 55 57 59 61 63 65 66 67 68 69 76 81 82)
      (2 6 7 24 71 72) (29 4 5 6 26) (76 3 5) (4 7 9 22 65) (77 43)
      (34 131 133 140 145) (78 1 3 7 17 18)) "DISK_THM")
    (2 0 1 273 79 80 81 82 83 84 85)
    ("%6%52$1$0B103U84U91$0U84U91B71|U64|U58"))
   (72
    (((29 19) (75 1 2 3 4 5 7 8 20 28 29 31 49 54 68 93 110 115 214 221)
      (6 2 15 25 26 27 29 31 35 46 47 50 51 52 54 58 63 64 72 75 76 77 78
       80 84 93 96 99 104 105 107 125 130) (21 21)
      (86 31 32 35 36 37 42 53 55 57 59 61 63 65 66 67 68 69 76 81 82)
      (2 6 18 23 25 32 61 131 230 238 700) (29 12 13 14 15 16) (76 3 7)
      (4 5 22 65) (77 44 45) (34 6 118 131 140 145)
      (78 1 3 5 6 7 11 12 13 14 15 17 18) (32 35 41) (3 12 77)) "DISK_THM")
    (2 0 1 80 79 80 81 82 83 84 85)
    ("%6%10%14%19$3U115$3U114$3$1$2%94B81B77B96B69B69$3U96$3$2B100$1@$0@B83B75|U63|U63|U57|U58%6%51$1U114$1U115B69$1U96$1$0B111B83B75|U63|U58%6%10%14%19$3U115$3U114$3$2$1B81B96B69B69$3U96$3$2B101$1@$0@B83B75|U63|U63|U57|U58B69B69"))
   (73
    (((29 24)
      (75 1 2 3 4 5 7 8 20 28 29 30 31 45 49 54 68 93 110 115 214 221 230)
      (6 14 15 25 26 27 29 31 35 46 47 50 51 52 54 56 58 63 64 72 76 77 78
       80 93 96 101 104 105 107 125 130) (21 5 21)
      (86 31 32 35 36 37 42 53 55 57 59 61 63 65 66 67 68 69 76 81 82)
      (2 6 7 23 25 59 61) (29 4 5 6 8 9 12 13 14 15 18 19 23) (76 0 3 5 7)
      (4 5 7 9 22 65) (77 43 44 45) (34 6 118 131 133 140 145) (87 651)
      (78 1 3 5 6 7 11 12 13 14 15 17 18) (32 35) (3 12 77)) "DISK_THM")
    (2 0 1 183 79 80 81 82 83 84 85)
    ("%6%51$1U115$1U114B69$1$1$0B106B96B75|U63|U58"))
   (74 (((29 29) (29 18 25 28)) "DISK_THM")
    (2 0 1 299 79 80 81 82 83 84 85) ("%6%51$1$0B106U91$0U91B71|U63|U58"))))
 (incorporate (incorporate-types) incorporate-consts ("runs" . 93)
  ("natural_mergesort" . 88) ("natural_mergeauxillary" . 87)
  ("natural_mergeall" . 86) ("natural_mergeadjacent" . 85) ("desc" . 80)
  ("asc" . 80) ("NATURAL_MERGE_ASC_RUNS_DESC_def_UNION" . 12))
 (loadable-thydata
  ("userdef.deltas" (tag-knm 29 . 62) (tag-knm 29 . 66) (tag-knm 29 . 64)
   (tag-knm 29 . 55) (tag-knm 29 . 56) (tag-knm 29 . 57) (tag-knm 29 . 58)
   (tag-knm 29 . 59) (tag-knm 29 . 60) (tag-knm 29 . 60))
  ("grammardelta" (OO "natural_mergeauxillary" (tag-tm . "%105"))
   (OO "natural_mergeadjacent" (tag-tm . "%103"))
   (OO "natural_mergeall" (tag-tm . "%104"))
   (OO "NATURAL_MERGE_ASC_RUNS_DESC_def_UNION" (tag-tm . "%93"))
   (OO "desc" (tag-tm . "%101")) (OO "runs" (tag-tm . "%111"))
   (OO "asc" (tag-tm . "%100")) (OO "natural_mergesort" (tag-tm . "%106")))
  ("compute" (tag-knm 29 . 62) (tag-knm 29 . 66) (tag-knm 29 . 64)
   (tag-knm 29 . 59) (tag-knm 29 . 60))
  ("DefnBase.indn.deltas"
   ((tag-th
     ("natural_mergesortCorrectness" 30
      (("arithmetic" 26 29 30 31 110)
       ("bool" 25 27 35 50 52 54 58 63 105 125) ("list" 7 61)
       ("numeral" 3 5 7) ("pair" 5 7 8 9 22) ("prim_rec" 43)
       ("relation" 118 131 133) ("sat" 1 3 5 6 7 11 15)) ("DISK_THM"))
     "%1%6%55$1%94b2$0@|U63|U58%6%38%39$2$1$0B81b3%94@|U63|U57|U58%6%44%51%53%55$3$1b4U116$4$3$2B81b5$0@B75$3$1b4$4$2b5$1$0B81@B75B69$4$3$2B81b5$1$0B81@B75|U63|U57|U63|U57|U58B69B69%21%25%33$2$1b3$0@|U63|U63|U58B75|U61")
    (tag-tm . "%105"))
   ((tag-th
     ("natural_mergesortCorrectness" 31
      (("arithmetic" 1 2 3 4 5 7 8 28 29 30 31 54 68 93 115 214)
       ("bool" 25 27 31 35 52 54 58 63 64 104)
       ("cv" 31 32 35 36 37 42 53 55 57 59 61 63 65 66 67 68 69 76 81 82)
       ("list" 7 61) ("numeral" 3 5) ("pair" 5 7 9 22) ("prim_rec" 43)
       ("relation" 118 131 133) ("sat" 1 3 5 6 7 11 15)) ("DISK_THM"))
     "%2%6$0%95b1|U58%6%51$1$0%95B82b2|U63|U58%6%46%54%56$3$0b4$3$2$1$0B82B82b4B75|U64|U63|U63|U58B69B69%21%26$1$0b2|U64|U58B75|U62")
    (tag-tm . "%103"))
   ((tag-th
     ("natural_mergesortCorrectness" 32
      (("arithmetic" 1 2 3 4 5 7 8 20 28 29 30 31 45 49 54 68 93 115 214
        221 230)
       ("bool" 14 15 25 27 31 35 52 54 56 58 63 64 96 101 104 105)
       ("combin" 5 21)
       ("cv" 31 32 35 36 37 42 53 55 57 59 61 63 65 66 67 68 69 76 81 82)
       ("list" 6 7 25 59 61) ("natural_mergesortCorrectness" 4 5 6 8 9)
       ("numeral" 0 3 5 7) ("pair" 5 7 9 22 65) ("prim_rec" 43 44 45)
       ("relation" 118 131 133 140 145) ("rich_list" 651)
       ("sat" 1 3 5 6 7 11 15)) ("DISK_THM"))
     "%2%6$0%95b1|U58%6%51$1$0%95B82b2|U63|U58%6%33%41%43$3$3$2$1$0B82B82B103b4$3$2$1$0B82B82b4B75|U64|U63|U63|U58B69B69%21%26$1$0b2|U64|U58B75|U62")
    (tag-tm . "%104"))
   ((tag-th
     ("natural_mergesortCorrectness" 33
      (("arithmetic" 1 2 3 4 5 7 8 20 28 29 31 49 54 68 93 110 115 214 221)
       ("bool" 15 25 26 31 35 46 47 50 51 52 54 58 63 64 72 76 77 78 80 93
        96 104 105 107 125 130) ("combin" 21)
       ("cv" 31 32 35 36 37 42 53 55 57 59 61 63 65 66 67 68 69 76 81 82)
       ("list" 6 25 61) ("natural_mergesortCorrectness" 12 13 14 15)
       ("numeral" 3 7) ("pair" 5 22 65) ("prim_rec" 44 45)
       ("relation" 118 131 140 145) ("sat" 1 3 5 6 7 11 12 13 14 15)
       ("sum" 12 77)) ("DISK_THM"))
     "%3%4%5%6%10%14%16%19$3$1b4U116$4$1$0B81b6B75$3$1b4$4$1b7$2$3%94B81B77@$0@B75B69$4$3b7$2@$1$0B81@B75|U63|U57|U63|U57|U58%6%10%14$2$1b5$0@%94@|U63|U57|U58%6%10%16%51$2$1b3U116U116$3$1b6$2%94B81@$0@B75$2$1b3U116$3$1b4$2%94B81@$0@B75B69$3$2$1$0B81B81b5B75|U63|U57|U57|U58%6%44$1$0%94B81b3|U57|U58%6$0%94b2|U58%6%10%14%16%19$3$1b4U116U116$4$1$0B81b6B75$3$1b4U116$4$1b5$3$2B81@$0@B75B69$4$3b5$2@$1$0B81@B75|U63|U57|U63|U57|U58%6%10%14$2$1b3$0@%94@|U63|U57|U58B69B69B69B69B69B69%23%24%33%36$3$2b6$1@$0@|U63|U63|U57|U58%23%25$1$0b3|U63|U58%23%24%33%36$3$2b4$1@$0@|U63|U63|U57|U58B69B69B75|U59|U60|U59")
    (tag-tm . "%100") (tag-tm . "%111") (tag-tm . "%101")))))
