(theory
 (("topdown_mergesortCorrectness" "1750830018" "776158")
  ("container" "1749106690" "414220"))
 (core-data
  (tables
   (string-table "min" "fun" "bool" "list" "!" "/\\" "=" "num" "==>" "bag"
    "BAG_UNION" "arithmetic" "BIT2" "COND" "CONS" "DIV" "DROP" "IN"
    "LENGTH" "container" "LIST_TO_BAG" "LIST_TO_SET" "NIL" "NUMERAL"
    "sorting" "SORTED" "TAKE" "ZERO" "\\/" "topdown_mergesortCorrectness"
    "top_down_mergeauxillary" "top_down_mergesort" "relation" "total"
    "transitive" "~" "TOP_DOWN_MERGESORT_ind" "TOP_DOWN_MERGESORT_def"
    "TOP_DOWN_MERGEAUXILLARY_ind" "TOP_DOWN_MERGEAUXILLARY_def"
    "SORTED_MERGEAUXILLARY_lemma" "MSET_MERGEAUXILLARY_lemma"
    "MEM_TOP_DOWN_MERGEAUXILLARY_lemma"
    "CORRECTNESS_SORTED_TOP_DOWN_MERGESORT_thm"
    "CORRECTNESS_MSET_TOP_DOWN_MERGESORT_thm" "combin" "cv" "divides"
    "numeral" "pair" "prim_rec" "sat" "" "home" "etranger" "GitScripts"
    "Dev" "Sorting-in-HOL4" "topdown_mergesortCorrectnessScript.sml"
    "pred_set")
   (id-table (0 . 1) (0 . 2) (3 . 3) (2 . 4) (2 . 5) (0 . 6) (7 . 7)
    (0 . 8) (9 . 10) (11 . 12) (2 . 13) (3 . 14) (11 . 15) (3 . 16)
    (2 . 17) (3 . 18) (19 . 20) (3 . 21) (3 . 22) (11 . 23) (24 . 25)
    (3 . 26) (11 . 27) (2 . 28) (29 . 30) (29 . 31) (32 . 33) (32 . 34)
    (2 . 35))
   (type-table (1) "'a" (2 1) (0 2 0) (0 1 0) (0 1 4) (0 5 3) (0 2 3)
    (0 5 7) (0 4 0) (0 5 0) (0 10 0) (0 6 0) (0 12 0) (0 8 0) (0 14 0)
    (0 3 0) (0 0 0) (0 0 17) (6) (0 1 19) (0 20 0) (0 20 21) (0 20 20)
    (0 20 23) (0 19 19) (0 2 2) (0 2 26) (0 0 27) (0 1 26) (0 19 25)
    (0 19 26) (0 1 9) (0 2 19) (0 2 20) (0 2 4) (0 5 27) (0 5 26))
   (term-table ("P" 6) ("P" 8) ("R" 5) ("v" 5) ("v1" 2) ("v2" 1) ("v2" 2)
    ("v4" 1) ("v5" 2) ("v6" 1) ("v7" 2) ("x" 1) ("xs" 2) ("y" 1) ("ys" 2)
    (3 9) (3 11) (3 13) (3 15) (3 16) (4 18) (5 18) (5 22) (5 7) (7 18)
    (8 24) (9 25) (10 28) (11 29) (12 30) (13 31) (14 32) (15 33) (16 34)
    (17 35) (18 2) (19 25) (20 6) (21 31) (22 19) (23 18) (24 36) (25 37)
    (26 10) (27 10) (28 17))) exports (nil) (nil)
  ((36
    (((29 6)
      (11 1 2 3 4 5 7 8 20 28 29 31 45 49 54 68 93 115 214 217 221 242 285)
      (2 15 25 26 27 29 31 35 50 51 52 54 58 63 64 93 96 101 104 105 107
       130 149) (45 5 21)
      (46 31 32 35 36 37 42 53 55 57 59 61 63 65 66 67 68 69 76 81 82)
      (47 53) (3 6 25 61 249 267) (48 3 7) (49 5 9 22 65) (50 4 7 44 45)
      (32 118 131 140 145) (51 1 3 5 6 7 11 12 13 15) (29 4 5)) "DISK_THM")
    (2 0 1 15 52 53 54 55 56 57 58)
    ("%0%2$0%35b1|U16%2%11$1$0%35B28b2|U15|U16%2%5%9%10$3$2$1$0B28B28U32%39U26U36B29$2$1$0B28B28B30b4$3$2$1$0B28B28U32%39U26U36B29$2$1$0B28B28B38b4B20$3$2$1$0B28B28b4B24|U19|U15|U15|U16B20B20%3%4$1$0b2|U19|U16B24|U17"))
   (37
    (((29 7)
      (11 1 2 3 4 5 7 8 20 28 29 31 45 49 54 68 93 115 214 217 221 242 285)
      (2 15 25 26 27 29 31 35 50 51 52 54 58 63 64 93 96 101 104 105 107
       130 149) (45 5 21)
      (46 31 32 35 36 37 42 53 55 57 59 61 63 65 66 67 68 69 76 81 82)
      (47 53) (3 6 25 61 249 267) (48 3 7) (49 5 9 22 65) (50 4 7 44 45)
      (32 118 131 140 145) (51 1 3 5 6 7 11 12 13 15) (29 4 5)) "DISK_THM")
    (2 0 1 15 52 53 54 55 56 57 58)
    ("%2$0%35B42%35B23|U16%11%2$0$1%35B28B42$1%35B28B23|U16|U15%10%9%5%2$0$1$2$3B28B28B42$0$0$1$2$3B28B28U32%39U26U36B29$1$2$3B28B28B38B42B41$0$1$2$3B28B28U32%39U26U36B29$1$2$3B28B28B30B42@B23|U16|U15|U15|U19B20B20"))
   (38
    (((29 2) (11 26 29 30 31 110)
      (2 25 26 35 46 47 50 52 54 58 63 72 76 77 78 80 105 125) (3 7 61)
      (48 3 5 7) (49 5 7 8 9 22) (50 43) (32 118 131 133)
      (51 1 3 5 6 7 11 12 13 14 15)) "DISK_THM")
    (2 0 1 7 52 53 54 55 56 57 58)
    ("%1%2%12$1$0b2%35@|U19|U16%2%7%8$2%35b3$1$0B28@|U19|U15|U16%2%11%12%13%14$3$1b4U45$4$3$2B28b5$0@B24$3$1b4$4$2b5$1$0B28@B24B20$4$3$2B28b5$1$0B28@B24|U19|U15|U19|U15|U16B20B20%3%4%6$2$1b3$0@|U19|U19|U16B24|U18"))
   (39
    (((29 3) (11 26 29 30 31 110) (2 15 25 35 50 52 54 58 63 105 125 130)
      (45 21) (3 6 7) (48 3 5 7) (49 7 8 9 22 65) (50 43)
      (32 131 133 140 145) (29 0 1)) "DISK_THM")
    (2 0 1 7 52 53 54 55 56 57 58)
    ("%12%2$0$1B41%35@$1B23|U16|U19%8%7%2$0%35B41$1$2B28@$1$2B28B23|U16|U15|U19%14%13%12%11%2$0$1$2B28B41$3$4B28@$1$3b0$1$0$2B41$3$4B28@B28B27$3$0$1$2B28B41$4@B28@B23|U16|U15|U19|U15|U19B20B20"))
   (40
    (((29 9) (11 26 29 30 31 110)
      (2 2 15 25 26 27 29 35 50 51 52 54 56 58 63 64 75 84 99 105 106 125
       130) (45 21) (3 6 7 155) (48 3 5 7) (49 7 8 9 22 65) (50 43)
      (32 0 6 131 133 140 145) (51 1 3 5 6 7 11 12 13 14 15 17 18)
      (24 35 38) (29 0 1 2 8)) "DISK_THM") (2 0 1 52 52 53 54 55 56 57 58)
    ("%2%12%14$2U44$2U43B20$2$2$1B41$0@B37$2$1B37$2$0B37B20B21B24|U19|U19|U16"))
   (41
    (((29 11) (11 26 29 30 31 110) (9 31 35 39 42)
      (2 15 25 26 27 29 35 50 52 54 55 56 58 63 64 73 74 75 105 109 125
       130) (45 21) (19 11) (3 6 7) (48 3 5 7) (49 7 8 9 22 65) (50 43)
      (32 131 133 140 145) (51 1 3 5 6 7 11 12 13 14 15 16 17 18 19 20 23)
      (29 0 1 2)) "DISK_THM") (2 0 1 99 52 53 54 55 56 57 58)
    ("%2%12%14$2$1B41$0@U33$1U33$0U33B25B22|U19|U19|U16"))
   (42
    (((29 8) (11 26 29 30 31 110)
      (2 15 25 26 27 29 35 50 51 52 54 55 56 58 63 64 105 125 130) (45 21)
      (3 6 7 28 155) (48 3 5 7) (49 7 8 9 22 65) (59 121) (50 43)
      (32 131 133 140 145) (51 1 3 5 6 7 11 12 13 14 15 17 18 19 20 23)
      (29 0 1 2)) "DISK_THM") (2 0 1 44 52 53 54 55 56 57 58)
    ("%2%12%14%11$2$1B41$0@U34B31%11$1U34B31%11$0U34B31B40B21|U19|U19|U16"))
   (43
    (((29 10)
      (11 1 2 3 4 5 7 8 20 28 29 31 45 49 54 68 93 115 214 217 221 242 285)
      (2 15 25 26 27 29 31 35 50 51 52 54 58 63 64 93 96 101 104 105 107
       125 130 149) (45 5 21)
      (46 31 32 35 36 37 42 53 55 57 59 61 63 65 66 67 68 69 76 81 82)
      (47 53) (3 6 25 61 249 267) (48 3 7) (49 5 9 22 65) (50 4 7 44 45)
      (32 118 131 140 145) (51 1 3 5 6 7 11 12 13 15) (24 35) (29 4 5 6 9))
     "DISK_THM") (2 0 1 85 52 53 54 55 56 57 58)
    ("%2%12$1U43$1U44B20$1$1$0B42B37B24|U19|U16"))
   (44
    (((29 12)
      (11 1 2 3 4 5 7 8 20 28 29 31 45 49 54 68 93 115 214 217 221 242 285)
      (9 35 199)
      (2 15 25 26 27 29 31 35 50 51 52 54 56 58 63 64 93 96 101 104 105 107
       130 149) (45 5 21) (19 11 21)
      (46 31 32 35 36 37 42 53 55 57 59 61 63 65 66 67 68 69 76 81 82)
      (47 53) (3 6 25 61 249 260 267) (48 3 7) (49 5 9 22 65)
      (50 4 7 44 45) (32 118 131 140 145) (51 1 3 5 6 7 11 12 13 15)
      (29 4 5 6 11)) "DISK_THM") (2 0 1 126 52 53 54 55 56 57 58)
    ("%2%12$1$0B42U33$0U33B22|U19|U16"))))
 (incorporate (incorporate-types) incorporate-consts
  ("top_down_mergesort" . 37) ("top_down_mergeauxillary" . 36))
 (loadable-thydata ("userdef.deltas" (tag-knm 29 . 39) (tag-knm 29 . 37))
  ("grammardelta" (OO "top_down_mergeauxillary" (tag-tm . "%41"))
   (OO "top_down_mergesort" (tag-tm . "%42")))
  ("compute" (tag-knm 29 . 39) (tag-knm 29 . 37))
  ("DefnBase.indn.deltas"
   ((tag-th
     ("topdown_mergesortCorrectness" 13
      (("arithmetic" 26 29 30 31 110)
       ("bool" 25 26 35 46 47 50 52 54 58 63 72 76 77 78 80 105 125)
       ("list" 7 61) ("numeral" 3 5 7) ("pair" 5 7 8 9 22) ("prim_rec" 43)
       ("relation" 118 131 133) ("sat" 1 3 5 6 7 11 12 13 14 15))
      ("DISK_THM"))
     "%1%2%12$1$0b2%35@|U19|U16%2%7%8$2%35b3$1$0B28@|U19|U15|U16%2%11%12%13%14$3$1b4U45$4$3$2B28b5$0@B24$3$1b4$4$2b5$1$0B28@B24B20$4$3$2B28b5$1$0B28@B24|U19|U15|U19|U15|U16B20B20%3%4%6$2$1b3$0@|U19|U19|U16B24|U18")
    (tag-tm . "%41"))
   ((tag-th
     ("topdown_mergesortCorrectness" 14
      (("arithmetic" 1 2 3 4 5 7 8 20 28 29 31 45 49 54 68 93 115 214 217
        221 242 285)
       ("bool" 15 25 26 27 29 31 35 50 51 52 54 58 63 64 93 96 101 104 105
        107 130 149) ("combin" 5 21)
       ("cv" 31 32 35 36 37 42 53 55 57 59 61 63 65 66 67 68 69 76 81 82)
       ("divides" 53) ("list" 6 25 61 249 267) ("numeral" 3 7)
       ("pair" 5 9 22 65) ("prim_rec" 4 7 44 45)
       ("relation" 118 131 140 145) ("sat" 1 3 5 6 7 11 12 13 15)
       ("topdown_mergesortCorrectness" 4 5)) ("DISK_THM"))
     "%0%2$0%35b1|U16%2%11$1$0%35B28b2|U15|U16%2%5%9%10$3$2$1$0B28B28U32%39U26U36B29$2$1$0B28B28B30b4$3$2$1$0B28B28U32%39U26U36B29$2$1$0B28B28B38b4B20$3$2$1$0B28B28b4B24|U19|U15|U15|U16B20B20%3%4$1$0b2|U19|U16B24|U17")
    (tag-tm . "%42")))))
